

Orden de las filas: 
['U', 3, 4, 6]

Metodo: 2
Optimizacion: min
Cantidad de variables de decision: 2
Cantidad de restricciones: 3
Funcion objetivo: [-1.1, -0.9, 0.0, 0.0, 1.0, 0.0, -12.0]
Restricciones: [[0.3, 0.1, 1.0, 0.0, 0.0, 0.0, '=', 2.7], [0.5, 0.5, 0.0, 1.0, 0.0, 0.0, '=', 6.0], [0.6, 0.4, 0.0, 0.0, -1.0, 1.0, '=', 6.0]]
Se encontro empate en variables de la funcion objetivo, se realizara un rompimiento de estos!
Minimo: 1.0 Valor: -0.9

-----------------------------------------------------------------------------

-----------------------------Iteracion numero: 0-----------------------------

-----------------------------------------------------------------------------


--------------------------------Tabla Actual---------------------------------
[-1.1, -0.9, 0.0, 0.0, 1.0, 0.0, -12.0]
[0.3, 0.1, 1.0, 0.0, 0.0, 0.0, 2.7]
[0.5, 0.5, 0.0, 1.0, 0.0, 0.0, 6.0]
[0.6, 0.4, 0.0, 0.0, -1.0, 1.0, 6.0]

Pivote: [12.0, [2, 1]]

---------------------------Tabla nueva - ceros ------------------------------
[0.0, 0.0, 0.0, 0.0, 0.0, 0.0, 0.0]
[0.0, 0.0, 0.0, 0.0, 0.0, 0.0, 0.0]
[1.0, 1.0, 0.0, 2.0, 0.0, 0.0, 12.0]
[0.0, 0.0, 0.0, 0.0, 0.0, 0.0, 0.0]

-------------------------Tabla nueva - calculada ----------------------------
[-0.20000000000000007, 0.0, 0.0, 1.8, 1.0, 0.0, -1.1999999999999993]
[0.19999999999999998, 0.0, 1.0, -0.2, 0.0, 0.0, 1.5]
[1.0, 1.0, 0.0, 2.0, 0.0, 0.0, 12.0]
[0.19999999999999996, 0.0, 0.0, -0.8, -1.0, 1.0, 1.1999999999999993]

Orden de las filas: ['U', 3, 2, 6]

Solucion actual: [-1.2, [0.0, 12.0, 1.5, 0.0, 0.0]]
Minimo: 0.0 Valor: -0.20000000000000007

-----------------------------------------------------------------------------

-----------------------------Iteracion numero: 1-----------------------------

-----------------------------------------------------------------------------


--------------------------------Tabla Actual---------------------------------
[-0.20000000000000007, 0.0, 0.0, 1.8, 1.0, 0.0, -1.1999999999999993]
[0.19999999999999998, 0.0, 1.0, -0.2, 0.0, 0.0, 1.5]
[1.0, 1.0, 0.0, 2.0, 0.0, 0.0, 12.0]
[0.19999999999999996, 0.0, 0.0, -0.8, -1.0, 1.0, 1.1999999999999993]

Pivote: [5.999999999999997, [3, 0]]

---------------------------Tabla nueva - ceros ------------------------------
[0.0, 0.0, 0.0, 0.0, 0.0, 0.0, 0.0]
[0.0, 0.0, 0.0, 0.0, 0.0, 0.0, 0.0]
[0.0, 0.0, 0.0, 0.0, 0.0, 0.0, 0.0]
[1.0, 0.0, 0.0, -4.000000000000001, -5.000000000000001, 5.000000000000001, 5.999999999999997]

-------------------------Tabla nueva - calculada ----------------------------
[0.0, 0.0, 0.0, 0.9999999999999996, -4.440892098500626e-16, 1.0000000000000004, 6.661338147750939e-16]
[0.0, 0.0, 1.0, 0.6000000000000001, 1.0, -1.0, 0.3000000000000007]
[0.0, 1.0, 0.0, 6.000000000000001, 5.000000000000001, -5.000000000000001, 6.000000000000003]
[1.0, 0.0, 0.0, -4.000000000000001, -5.000000000000001, 5.000000000000001, 5.999999999999997]

Orden de las filas: ['U', 3, 2, 1]

Solucion actual: [0.0, [6.0, 6.0, 0.3, 0.0, 0.0]]
Minimo: 4.0 Valor: -4.440892098500626e-16

-----------------------------------------------------------------------------

-----------------------------Iteracion numero: 2-----------------------------

-----------------------------------------------------------------------------


--------------------------------Tabla Actual---------------------------------
[0.0, 0.0, 0.0, 0.9999999999999996, -4.440892098500626e-16, 1.0000000000000004, 6.661338147750939e-16]
[0.0, 0.0, 1.0, 0.6000000000000001, 1.0, -1.0, 0.3000000000000007]
[0.0, 1.0, 0.0, 6.000000000000001, 5.000000000000001, -5.000000000000001, 6.000000000000003]
[1.0, 0.0, 0.0, -4.000000000000001, -5.000000000000001, 5.000000000000001, 5.999999999999997]

Pivote: [0.3000000000000007, [1, 4]]

---------------------------Tabla nueva - ceros ------------------------------
[0.0, 0.0, 0.0, 0.0, 0.0, 0.0, 0.0]
[0.0, 0.0, 1.0, 0.6000000000000001, 1.0, -1.0, 0.3000000000000007]
[0.0, 0.0, 0.0, 0.0, 0.0, 0.0, 0.0]
[0.0, 0.0, 0.0, 0.0, 0.0, 0.0, 0.0]

-------------------------Tabla nueva - calculada ----------------------------
[0.0, 0.0, 4.440892098500626e-16, 0.9999999999999998, 0.0, 1.0, 7.99360577730113e-16]
[0.0, 0.0, 1.0, 0.6000000000000001, 1.0, -1.0, 0.3000000000000007]
[0.0, 1.0, -5.000000000000001, 3.0, 0.0, 0.0, 4.499999999999999]
[1.0, 0.0, 5.000000000000001, -1.0, 0.0, 0.0, 7.500000000000001]

Orden de las filas: ['U', 5, 2, 1]

Solucion actual: [0.0, [7.5, 4.5, 0.0, 0.0, 0.3]]



 Este sería el resultado final de la ejecución del método 2 fases
['U', 5, 2, 1]
[0.0, 0.0, 0.5000000000000004, 0.0, -5.249999999999999]
[0.0, 0.0, 1.0, 1.0, 0.3000000000000007]
[0.0, 1.0, -5.000000000000001, 0.0, 4.499999999999999]
[1.0, 0.0, 5.000000000000001, 0.0, 7.500000000000001]

Solucion actual: [-5.25, [7.5, 4.5, 0.0]]